../root_sift_query_vw/000/000015_pitch1_yaw4.bin.jpg
000/000634_pitch2_yaw12.jpg
718 87.2335 57.8657 0.00645511 -0.00762642 0.0043862 20 326.069 166.363 0.00196297 -0.00234602 0.00142353 
717 117.812 55.8925 0.00859857 -0.00892386 0.00386408 49 394.146 189.853 0.00343831 -0.0033377 0.00146365 
521 133.894 115.835 0.0158892 -0.0240906 0.011842 41 424.284 281.182 0.006347 -0.0099256 0.00575634 
470 131.974 40.7845 0.0131928 -0.0101524 0.00417575 1 413.003 135.906 0.00852031 -0.00838956 0.0034944 
476 140.202 54.1534 0.0150218 -0.0122703 0.00486549 7 424.219 190.307 0.00816232 -0.00888746 0.00400967 
473 134.164 45.7192 0.013242 -0.0101535 0.00421065 24 417.188 142.523 0.00970715 -0.00984534 0.00417595 
474 137.28 49.6874 0.0156373 -0.0130315 0.00534388 28 452.536 169.446 0.0232872 -0.0129895 0.00724203 
81 142.785 93.9306 0.0156772 -0.012311 0.00649908 13 445.618 222.005 0.0117076 -0.0102543 0.00617285 
495 132.601 79.6415 0.0129015 -0.0140283 0.00598508 31 412.034 173.726 0.00673423 -0.00702428 0.00326976 
491 130.077 75.1595 0.0138886 -0.0152047 0.00640035 34 415.661 221.047 0.00578157 -0.00763778 0.00382877 
713 109.503 44.9974 0.00673135 -0.00666424 0.00305911 3 384.543 132.466 0.00426651 -0.0040209 0.00192791 
