../root_sift_query_vw/000/000015_pitch1_yaw4.bin.jpg
000/000305_pitch2_yaw9.jpg
496 135.866 82.4118 0.0150941 -0.0169646 0.00711871 99 306.379 188.033 0.00540425 -0.00885596 0.00489416 
174 139.854 155.555 0.0119437 -0.0193136 0.0135605 72 303.897 271.589 0.00490423 -0.0091599 0.00708327 
540 129.383 146.726 0.00921299 -0.0197131 0.0132346 105 299.419 267.908 0.00430245 -0.00862384 0.00688708 
120 138.831 122.184 0.0231154 -0.025921 0.0130524 63 294.549 265.122 0.0045997 -0.00800402 0.00665362 
1068 111.655 108.06 0.00139034 -0.00179011 0.00109189 137 259.103 207.502 0.000502455 -0.000623284 0.000490731 
105 119.781 106.458 0.0202503 -0.0043887 0.005221 61 257.972 244.349 0.00822817 -0.00134434 0.00314436 
892 61.952 82.7255 0.00256459 -0.00213836 0.00197923 100 168.108 162.238 0.00151034 -0.00207556 0.00204528 
879 78.6125 48.7458 0.00382071 -0.00413954 0.00233081 103 183.252 115.978 0.002992 -0.00345082 0.00246502 
1000 44.5907 76.6608 0.00203848 -0.00250696 0.00163739 27 103.009 124.066 0.000941217 -0.00131818 0.00131932 
549 143.926 154.55 0.00980775 -0.0108636 0.00943235 112 307.923 268.66 0.0028138 -0.00555258 0.00489948 
29 113.716 41.8839 0.0181375 -0.00475028 0.00361458 18 300.718 134.626 0.0123314 -0.0033631 0.00319594 
154 114.807 140.853 0.0254213 0.00145023 0.00465779 69 253.148 240.489 0.00888115 -0.000720616 0.00292756 
184 20.6716 167.716 0.0172267 0.0016273 0.0117196 75 80.849 244.84 0.0107241 0.000205872 0.0073307 
718 87.2335 57.8657 0.00645511 -0.00762642 0.0043862 84 229.147 155.996 0.00254218 -0.00334164 0.0028704 
997 45.2008 67.7274 0.00159424 -0.00181394 0.00147491 134 112.265 121.071 0.000963052 -0.00102195 0.00106368 
491 130.077 75.1595 0.0138886 -0.0152047 0.00640035 46 301.119 184.704 0.00597118 -0.00773406 0.00499316 
122 141.344 124.791 0.013789 -0.015467 0.00825575 23 308.207 275.036 0.00501641 -0.00701294 0.0055256 
495 132.601 79.6415 0.0129015 -0.0140283 0.00598508 44 302.587 227.095 0.00553603 -0.00944486 0.00615097 
94 128.972 98.3582 0.0243559 -0.00242102 0.00382124 1 298.986 210.728 0.00930855 -0.00154845 0.00214748 
81 142.785 93.9306 0.0156772 -0.012311 0.00649908 45 307.24 230.71 0.00520901 -0.00806984 0.00540401 
13 132.199 28.7989 0.0241004 -0.00163854 0.00230912 13 313.012 145.796 0.0216186 -6.158e-05 0.00245242 
